 0.0896127 0.0778262 0.0828202 0.0852393 0.0823827 0.0772991 0.0745732 0.0778721 0.0791366  0.077345 0.0736989 0.0673557 0.0704781 0.0726436 0.0720929 0.0694409  0.066017 0.0663387 0.0678324 0.0682859 0.0672675 0.0652374 0.0623956   0.06346 0.0637334 0.0628748 0.0612364 0.0596479         1 = 0.0733844
 0.0778262 0.0896525 0.0852079  0.079019 0.0732087 0.0679166 0.0852833 0.0823913 0.0772669 0.0719662 0.0669504 0.0779336 0.0791864 0.0773551 0.0693341 0.0649725 0.0607803   0.07355 0.0722169 0.0695222 0.0661032 0.0624274 0.0684623 0.0673976 0.0653205 0.0626268 0.0595698 0.0613196         1 = 0.0736656
 0.0828202 0.0852079 0.0895987 0.0851554     0.079 0.0731841 0.0828145 0.0852258 0.0823346 0.0772479 0.0719415 0.0745716 0.0778677 0.0791234 0.0736467 0.0693095 0.0649486 0.0727497 0.0734821 0.0721498 0.0695033 0.0660786  0.067944 0.0683899 0.0673261 0.0653015 0.0626022 0.0629334         1 = 0.0772929
 0.0852393  0.079019 0.0851554 0.0895594  0.085143 0.0789819 0.0777583  0.082761 0.0851832 0.0823223 0.0772299 0.0703091 0.0745058 0.0778103 0.0772806 0.0736288 0.0692924 0.0705226 0.0726882  0.073429 0.0721375 0.0694854 0.0663849 0.0678786 0.0683322 0.0673138 0.0652836 0.0637798         1 = 0.0790754
 0.0823827 0.0732087     0.079  0.085143 0.0895771 0.0851686 0.0724359 0.0777391 0.0827485 0.0852081 0.0823524 0.0659398  0.070287 0.0744866 0.0791108 0.0773191 0.0736696  0.067378 0.0705034 0.0726757 0.0734737 0.0721839 0.0640851 0.0663658 0.0678661 0.0683836 0.0673668 0.0634939         1 = 0.0777977
 0.0772991 0.0679166 0.0731841 0.0789819 0.0851686  0.089581 0.0673955 0.0724112  0.077721 0.0827786 0.0852191 0.0617218  0.065912 0.0702622  0.077836 0.0791316 0.0773394 0.0638144 0.0673532 0.0704852 0.0727213 0.0735027 0.0612549 0.0640603 0.0663477 0.0679172 0.0684198 0.0624047         1 = 0.0744684
 0.0745732 0.0852833 0.0828145 0.0777583 0.0724359 0.0673955 0.0896018 0.0851503 0.0789513 0.0731321 0.0678326 0.0828192 0.0852293 0.0823326 0.0718912 0.0668684 0.0622441 0.0792324 0.0774011 0.0737117 0.0693801 0.0650184 0.0735977 0.0722646   0.06957 0.0661509  0.062475 0.0653683         1 = 0.0772
 0.0778721 0.0823913 0.0852258  0.082761 0.0777391 0.0724112 0.0851503 0.0895476 0.0850973 0.0789323 0.0731074  0.077756  0.082757 0.0851714  0.077181 0.0718665 0.0668445 0.0779137 0.0791695  0.077339 0.0736927 0.0693555 0.0727973 0.0735298 0.0721976  0.069551 0.0661262 0.0673739         1 = 0.0822755
 0.0791366 0.0772669 0.0823346 0.0851832 0.0827485  0.077721 0.0789513 0.0850973 0.0895079 0.0850849 0.0789142 0.0723832  0.077692 0.0827031 0.0822631  0.077163 0.0718493 0.0745517 0.0778563 0.0791215 0.0773266 0.0736747 0.0705702 0.0727359 0.0734768 0.0721852  0.069533   0.06838         1 = 0.0851284
  0.077345 0.0719662 0.0772479 0.0823223 0.0852081 0.0827786 0.0731321 0.0789323 0.0850849  0.089526  0.085111 0.0673411 0.0723611 0.0776728 0.0851537 0.0822937 0.0771977  0.070333 0.0745326 0.0778438 0.0791568 0.0773651 0.0674257 0.0705511 0.0727235 0.0735214 0.0722315  0.067914         1 = 0.0826906
 0.0736989 0.0669504 0.0719415 0.0772299 0.0823524 0.0852191 0.0678326 0.0731074 0.0789142  0.085111 0.0895303 0.0627091 0.0673134 0.0723364 0.0827211  0.085165 0.0823058  0.065958 0.0703083 0.0745145 0.0778821 0.0791776 0.0638622  0.067401 0.0705331 0.0727691 0.0735504 0.0663956         1 = 0.0776547
 0.0673557 0.0779336 0.0745716 0.0703091 0.0659398 0.0617218 0.0828192  0.077756 0.0723832 0.0673411 0.0627091 0.0896111 0.0851562 0.0789517 0.0677801 0.0629883 0.0586528 0.0824442 0.0773151 0.0719604 0.0669431  0.062318 0.0775193 0.0738327  0.069451 0.0650949 0.0609018 0.0662219         1 = 0.0730813
 0.0704781 0.0791864 0.0778677 0.0745058  0.070287  0.065912 0.0852293  0.082757  0.077692 0.0723611 0.0673134 0.0851562 0.0895531  0.085095 0.0730593 0.0677525 0.0629614 0.0852764 0.0823798 0.0772472 0.0719383 0.0669155 0.0792812   0.07745 0.0737606  0.069429 0.0650672  0.069619         1 = 0.0788869
 0.0726436 0.0773551 0.0791234 0.0778103 0.0744866 0.0702622 0.0823326 0.0851714 0.0827031 0.0776728 0.0723364 0.0789517  0.085095 0.0894985 0.0788678 0.0730345 0.0677285 0.0828041 0.0852186 0.0823227 0.0772281 0.0719136 0.0779625 0.0792183 0.0773879 0.0737415 0.0694042 0.0722466         1 = 0.0850416
 0.0720929 0.0693341 0.0736467 0.0772806 0.0791108  0.077836 0.0718912  0.077181 0.0822631 0.0851537 0.0827211 0.0677801 0.0730593 0.0788678 0.0894769 0.0850556 0.0788819 0.0724083   0.07772 0.0827378 0.0852008 0.0823407 0.0703818 0.0745815 0.0778927 0.0792057 0.0774139 0.0727725         1 = 0.0850416
 0.0694409 0.0649725 0.0693095 0.0736288 0.0773191 0.0791316 0.0668684 0.0718665  0.077163 0.0822937  0.085165 0.0629883 0.0677525 0.0730345 0.0850556 0.0894815 0.0850636 0.0673605 0.0723836  0.077702 0.0827683 0.0852121 0.0660069 0.0703572 0.0745635  0.077931 0.0792264 0.0705821         1 = 0.0788869
  0.066017 0.0607803 0.0649486 0.0692924 0.0736696 0.0773394 0.0622441 0.0668445 0.0718493 0.0771977 0.0823058 0.0586528 0.0629614 0.0677285 0.0788819 0.0850636 0.0894861 0.0627293 0.0673366 0.0723663 0.0777366 0.0827801 0.0617898  0.065983 0.0703399 0.0746033 0.0779509 0.0674328         1 = 0.0730813
 0.0663387   0.07355 0.0727497 0.0705226  0.067378 0.0638144 0.0792324 0.0779137 0.0745517  0.070333  0.065958 0.0824442 0.0852764 0.0828041 0.0724083 0.0673605 0.0627293 0.0896927  0.085236 0.0790298 0.0732034 0.0678976 0.0854174 0.0825219 0.0773908 0.0720828 0.0670608 0.0739043         1 = 0.0776547
 0.0678324 0.0722169 0.0734821 0.0726882 0.0705034 0.0673532 0.0774011 0.0791695 0.0778563 0.0745326 0.0703083 0.0773151 0.0823798 0.0852186   0.07772 0.0723836 0.0673366  0.085236 0.0896385 0.0851831 0.0790107 0.0731787 0.0829456 0.0853601 0.0824654 0.0773717 0.0720581 0.0775307         1 = 0.0826906
 0.0682859 0.0695222 0.0721498  0.073429 0.0726757 0.0704852 0.0737117  0.077339 0.0791215 0.0778438 0.0745145 0.0719604 0.0772472 0.0823227 0.0827378  0.077702 0.0723663 0.0790298 0.0851831  0.089599 0.0851707 0.0789927 0.0778818 0.0828921 0.0853176  0.082453 0.0773536 0.0793124         1 = 0.0851284
 0.0672675 0.0661032 0.0695033 0.0721375 0.0734737 0.0727213 0.0693801 0.0736927 0.0773266 0.0791568 0.0778821 0.0669431 0.0719383 0.0772281 0.0852008 0.0827683 0.0777366 0.0732034 0.0790107 0.0851707  0.089617 0.0851966 0.0725519 0.0778627 0.0828798 0.0853423  0.082483 0.0780343         1 = 0.0822755
 0.0652374 0.0624274 0.0660786 0.0694854 0.0721839 0.0735027 0.0650184 0.0693555 0.0736747 0.0773651 0.0791776  0.062318 0.0669155 0.0719136 0.0823407 0.0852121 0.0827801 0.0678976 0.0731787 0.0789927 0.0851966 0.0896212  0.067505 0.0725272 0.0778447 0.0829098 0.0853532 0.0747058         1 = 0.0772
 0.0623956 0.0684623  0.067944 0.0663849 0.0640851 0.0612549 0.0735977 0.0727973 0.0705702 0.0674257 0.0638622 0.0775193 0.0792812 0.0779625 0.0703818 0.0660069 0.0617898 0.0854174 0.0829456 0.0778818 0.0725519  0.067505 0.0898332 0.0853775 0.0791727 0.0733472 0.0680423 0.0775338         1 = 0.0744684
   0.06346 0.0673976 0.0683899 0.0678786 0.0663658 0.0640603 0.0722646 0.0735298 0.0727359 0.0705511  0.067401 0.0738327   0.07745 0.0792183 0.0745815 0.0703572  0.065983 0.0825219 0.0853601 0.0828921 0.0778627 0.0725272 0.0853775 0.0897796 0.0853251 0.0791536 0.0733225 0.0826075         1 = 0.0777977
 0.0637334 0.0653205 0.0673261 0.0683322 0.0678661 0.0663477   0.06957 0.0721976 0.0734768 0.0727235 0.0705331  0.069451 0.0737606 0.0773879 0.0778927 0.0745635 0.0703399 0.0773908 0.0824654 0.0853176 0.0828798 0.0778447 0.0791727 0.0853251 0.0897405 0.0853127 0.0791356 0.0854589         1 = 0.0790754
 0.0628748 0.0626268 0.0653015 0.0673138 0.0683836 0.0679172 0.0661509  0.069551 0.0721852 0.0735214 0.0727691 0.0650949  0.069429 0.0737415 0.0792057  0.077931 0.0746033 0.0720828 0.0773717  0.082453 0.0853423 0.0829098 0.0733472 0.0791536 0.0853127 0.0897581 0.0853382 0.0830214         1 = 0.0772929
 0.0612364 0.0595698 0.0626022 0.0652836 0.0673668 0.0684198  0.062475 0.0661262  0.069533 0.0722315 0.0735504 0.0609018 0.0650672 0.0694042 0.0774139 0.0792264 0.0779509 0.0670608 0.0720581 0.0773536  0.082483 0.0853532 0.0680423 0.0733225 0.0791356 0.0853382 0.0897618 0.0779872         1 = 0.0736656
 0.0596479 0.0613196 0.0629334 0.0637798 0.0634939 0.0624047 0.0653683 0.0673739   0.06838  0.067914 0.0663956 0.0662219  0.069619 0.0722466 0.0727725 0.0705821 0.0674328 0.0739043 0.0775307 0.0793124 0.0780343 0.0747058 0.0775338 0.0826075 0.0854589 0.0830214 0.0779872 0.0898815         1 = 0.0733844
         1         1         1         1         1         1         1         1         1         1         1         1         1         1         1         1         1         1         1         1         1         1         1         1         1         1         1         1         1 = 1
